vertex
1
2
3
4
5
6
7
8
9
10
11
12
13
14
15
16
17
18
19
20
21
22
23
24
25
26
27
28
29
30
31
32
33
34
35
36
37
38
39
40
41
42
43
44
45
46
47
48
49
50
51
52
53
54
55
56
57
58
59
60
61
62
63
64
65
66
67
68
69
70
71
72
73
74
75
76
77
78
79
80
81
82
83
84
85
86
87
88
89
90
91
92
93
94
95
96
97
98
99
100
edge
1 42 18
1 35 1
1 70 25
1 79 9
1 63 15
1 6 46
1 82 28
1 62 42
1 96 43
1 28 37
1 92 5
1 3 4
1 93 33
1 22 17
1 19 46
1 48 27
1 72 39
1 13 18
1 100 36
1 95 4
1 12 23
1 34 24
1 65 42
1 54 19
1 45 13
1 58 38
1 60 24
1 30 29
1 17 36
1 91 43
1 89 7
1 41 43
1 49 47
1 71 1
1 7 2
1 94 49
1 24 35
1 55 7
1 67 27
1 32 9
1 40 27
1 38 39
1 83 30
1 16 40
1 59 5
1 31 28
1 74 37
1 46 25
1 73 21
1 78 24
2 98 13
2 87 41
2 62 37
2 56 18
2 75 32
2 53 1
2 51 42
2 25 17
2 31 8
2 92 8
2 38 8
2 88 4
2 84 46
2 10 10
2 59 22
2 89 23
2 47 7
2 14 19
2 1 42
2 63 6
2 11 10
2 49 34
2 96 42
2 3 1
2 37 25
2 21 47
2 22 49
2 100 19
2 85 32
2 35 4
2 19 39
2 28 18
2 29 44
2 8 22
2 18 14
2 15 10
2 17 36
2 52 1
2 50 20
2 57 49
2 4 25
2 9 45
2 90 3
2 86 44
2 44 24
2 81 47
2 99 32
2 58 23
2 23 39
2 93 39
3 80 41
3 58 9
3 92 16
3 89 7
3 12 3
3 35 23
3 56 29
3 47 13
3 87 26
3 34 20
3 43 45
3 17 32
3 99 23
3 52 22
3 100 8
3 77 43
3 90 26
3 13 1
3 11 4
3 70 12
3 2 40
3 24 3
3 86 33
3 27 18
3 33 33
3 55 22
3 30 19
3 93 26
3 50 42
3 46 11
3 19 4
3 40 24
3 97 38
3 38 17
3 94 46
3 98 17
3 6 39
3 83 6
3 15 2
3 72 37
3 64 14
3 54 13
3 9 33
3 14 7
3 22 9
3 82 45
3 23 30
3 62 36
3 51 24
3 67 45
4 60 43
4 40 4
4 25 5
4 11 46
4 50 37
4 14 25
4 23 19
4 19 38
4 6 9
4 92 3
4 26 28
4 15 15
4 35 25
4 73 10
4 34 21
4 88 48
4 78 24
4 71 14
4 69 43
4 86 3
4 81 14
4 28 3
4 100 28
4 44 25
4 24 23
4 62 32
4 33 6
4 94 26
4 32 43
4 43 23
4 87 15
4 1 38
4 61 14
4 75 21
4 36 34
4 12 11
4 97 18
4 51 41
4 95 46
4 20 26
4 77 45
4 59 3
4 72 17
4 79 44
4 52 35
4 65 20
4 53 1
4 27 11
4 58 21
4 16 27
5 28 44
5 59 15
5 10 33
5 87 16
5 88 28
5 75 26
5 30 29
5 24 21
5 3 13
5 97 38
5 62 46
5 26 15
5 61 3
5 17 31
5 27 12
5 72 12
5 48 4
5 21 41
5 25 39
5 64 41
5 52 13
5 1 14
5 79 16
5 8 28
5 40 4
5 58 25
5 78 9
5 14 38
5 2 1
5 29 44
5 85 6
5 41 12
5 36 7
5 73 1
5 86 7
5 38 22
5 70 12
5 23 18
5 13 18
5 42 24
5 66 10
5 33 47
5 56 4
5 63 35
5 35 5
5 84 12
5 68 49
5 76 39
5 43 5
5 12 42
6 76 10
6 26 22
6 71 27
6 35 6
6 84 1
6 99 30
6 2 44
6 38 35
6 57 44
6 77 6
6 63 49
6 82 1
6 14 42
6 56 6
6 43 13
6 12 28
6 25 29
6 53 44
6 97 24
6 41 14
6 73 19
6 11 18
6 33 13
6 96 20
6 32 41
6 89 36
6 91 48
6 90 41
6 46 4
6 15 2
6 45 9
6 36 10
6 93 6
6 65 32
6 4 30
6 9 43
6 98 50
6 62 28
6 68 42
6 30 41
6 75 2
6 78 16
6 60 21
6 29 28
6 85 26
6 87 49
6 88 48
6 5 4
6 22 14
6 7 14
7 11 22
7 90 41
7 65 43
7 20 14
7 92 5
7 19 33
7 51 6
7 76 40
7 4 23
7 99 48
7 85 49
7 72 15
7 14 26
7 46 13
7 47 29
7 70 13
7 86 40
7 45 16
7 41 46
7 9 19
7 71 2
7 24 33
7 73 3
7 88 21
7 64 2
7 28 1
7 16 16
7 29 44
7 48 39
7 44 38
7 10 14
7 50 32
7 89 43
7 61 22
7 59 5
7 91 50
7 31 21
7 49 18
7 37 34
7 36 27
7 39 4
7 30 25
7 60 8
7 67 45
7 56 19
7 27 12
7 26 6
7 2 50
7 97 35
7 43 26
8 14 43
8 97 49
8 73 27
8 7 24
8 30 5
8 6 27
8 13 26
8 94 16
8 37 37
8 42 15
8 95 7
8 53 37
8 39 33
8 56 16
8 32 31
8 26 12
8 38 37
8 91 1
8 63 35
8 54 17
8 9 13
8 34 5
8 4 35
8 57 49
8 25 18
8 10 29
8 1 31
8 19 9
8 51 6
8 62 15
8 77 44
8 3 12
8 90 49
8 83 4
8 75 21
8 24 32
8 70 29
8 60 9
8 20 22
8 46 32
8 5 43
8 86 14
8 99 40
8 23 39
8 11 12
8 35 9
8 16 20
8 59 1
8 72 15
8 18 16
9 56 16
9 31 40
9 13 39
9 83 5
9 86 11
9 85 25
9 81 16
9 52 42
9 16 30
9 11 49
9 74 39
9 78 33
9 57 40
9 14 9
9 42 41
9 24 14
9 29 35
9 79 1
9 72 36
9 75 22
9 34 18
9 54 46
9 69 26
9 77 30
9 51 49
9 10 44
9 87 31
9 17 50
9 68 29
9 80 15
9 22 6
9 27 17
9 67 38
9 82 15
9 41 37
9 63 22
9 65 10
9 3 24
9 25 42
9 46 13
9 32 7
9 19 3
9 8 8
9 37 31
9 15 10
9 91 44
9 97 3
9 55 46
9 49 42
9 40 9
10 23 5
10 96 3
10 70 30
10 39 24
10 19 17
10 60 49
10 87 47
10 63 34
10 59 23
10 47 43
10 38 26
10 48 9
10 3 8
10 99 31
10 93 1
10 79 50
10 53 49
10 83 41
10 16 26
10 68 37
10 98 19
10 29 2
10 17 31
10 50 26
10 30 21
10 41 11
10 56 26
10 62 5
10 15 47
10 89 20
10 64 26
10 22 26
10 35 21
10 6 15
10 58 13
10 25 50
10 31 24
10 51 34
10 26 11
10 37 38
10 94 37
10 65 42
10 36 6
10 5 38
10 24 15
10 71 9
10 69 32
10 86 3
10 74 3
10 95 27
11 27 47
11 73 50
11 41 25
11 20 44
11 12 42
11 90 20
11 66 6
11 86 17
11 51 16
11 10 15
11 67 44
11 75 10
11 1 46
11 74 40
11 62 23
11 69 9
11 32 19
11 23 25
11 80 11
11 53 33
11 92 46
11 65 25
11 3 6
11 61 25
11 22 23
11 48 28
11 6 46
11 95 1
11 44 5
11 82 13
11 40 29
11 13 13
11 68 9
11 16 9
11 24 10
11 35 5
11 87 20
11 59 46
11 7 17
11 93 38
11 33 7
11 84 23
11 77 34
11 49 24
11 83 19
11 21 12
11 57 41
11 26 25
11 78 20
11 97 34
12 29 28
12 27 22
12 98 13
12 4 28
12 9 46
12 86 39
12 38 44
12 14 2
12 51 29
12 50 43
12 55 20
12 82 16
12 68 14
12 94 35
12 73 23
12 31 2
12 43 28
12 78 21
12 3 15
12 91 24
12 24 30
12 96 20
12 28 43
12 11 33
12 59 27
12 88 21
12 52 9
12 61 34
12 87 43
12 35 42
12 19 4
12 66 39
12 58 1
12 15 49
12 62 14
12 57 8
12 79 40
12 36 16
12 76 37
12 34 11
12 49 29
12 93 34
12 41 17
12 100 38
12 83 29
12 53 20
12 45 45
12 48 33
12 65 48
12 44 50
13 16 42
13 90 1
13 49 24
13 52 25
13 34 42
13 1 5
13 91 48
13 20 31
13 79 32
13 45 41
13 88 50
13 26 34
13 39 43
13 94 3
13 12 11
13 35 41
13 98 36
13 30 41
13 6 42
13 93 11
13 50 29
13 80 22
13 78 24
13 21 48
13 27 27
13 83 29
13 60 19
13 25 23
13 81 9
13 68 9
13 4 21
13 8 47
13 75 23
13 62 7
13 64 34
13 17 33
13 53 42
13 55 14
13 63 47
13 61 16
13 5 50
13 37 31
13 99 33
13 85 41
13 18 7
13 71 42
13 24 9
13 22 46
13 97 17
13 59 28
14 51 8
14 30 32
14 96 29
14 77 4
14 100 35
14 66 44
14 9 23
14 44 30
14 15 19
14 56 42
14 74 23
14 49 2
14 87 45
14 47 28
14 18 30
14 17 25
14 92 20
14 13 47
14 94 42
14 16 50
14 58 41
14 53 37
14 52 38
14 27 13
14 84 45
14 81 48
14 62 29
14 79 29
14 41 12
14 48 46
14 71 26
14 90 1
14 50 34
14 83 8
14 33 47
14 68 23
14 11 42
14 32 38
14 6 30
14 22 39
14 60 40
14 23 17
14 29 15
14 61 4
14 78 49
14 4 12
14 98 7
14 97 32
14 25 19
14 36 27
15 75 10
15 99 25
15 54 23
15 36 44
15 89 4
15 33 48
15 81 27
15 79 1
15 2 12
15 100 6
15 64 17
15 74 12
15 46 24
15 51 4
15 82 38
15 11 44
15 66 23
15 30 32
15 13 27
15 48 41
15 72 6
15 73 33
15 90 21
15 32 9
15 94 7
15 49 7
15 67 47
15 98 21
15 95 30
15 10 35
15 70 29
15 18 16
15 27 35
15 69 7
15 29 48
15 19 41
15 86 37
15 21 11
15 14 16
15 68 38
15 45 37
15 8 11
15 28 25
15 53 22
15 38 12
15 5 28
15 7 19
15 23 14
15 1 43
15 39 39
16 56 40
16 48 32
16 94 35
16 88 12
16 18 2
16 83 48
16 66 4
16 5 35
16 96 26
16 22 15
16 82 23
16 7 7
16 44 44
16 81 31
16 69 12
16 14 19
16 52 17
16 80 19
16 41 32
16 34 30
16 64 10
16 54 37
16 75 21
16 36 31
16 77 6
16 26 22
16 9 10
16 57 3
16 33 6
16 76 13
16 86 13
16 37 48
16 3 9
16 59 44
16 47 25
16 74 48
16 73 1
16 8 6
16 67 42
16 89 32
16 97 26
16 10 13
16 63 44
16 43 22
16 23 13
16 49 19
16 15 1
16 91 36
16 60 20
16 4 41
17 80 50
17 6 42
17 62 32
17 53 4
17 34 30
17 88 43
17 54 34
17 21 15
17 19 45
17 64 30
17 65 20
17 71 6
17 48 45
17 27 27
17 24 41
17 91 39
17 11 22
17 46 22
17 84 40
17 56 29
17 7 13
17 36 38
17 97 34
17 89 36
17 94 41
17 63 16
17 2 6
17 8 18
17 70 35
17 72 8
17 99 46
17 98 19
17 39 45
17 73 14
17 29 15
17 5 2
17 28 48
17 93 22
17 22 16
17 96 42
17 23 13
17 52 16
17 83 9
17 55 23
17 45 41
17 40 5
17 26 29
17 25 32
17 31 34
17 95 31
18 47 38
18 46 6
18 17 1
18 90 39
18 64 36
18 98 10
18 31 25
18 9 38
18 75 21
18 73 44
18 56 35
18 62 7
18 7 35
18 76 33
18 20 42
18 33 35
18 80 30
18 84 18
18 37 26
18 19 38
18 29 20
18 78 38
18 92 7
18 96 11
18 2 44
18 81 26
18 8 35
18 91 27
18 42 2
18 30 41
18 88 41
18 40 44
18 54 14
18 82 4
18 6 27
18 69 49
18 16 22
18 94 27
18 23 39
18 100 29
18 24 44
18 35 44
18 50 3
18 3 42
18 38 14
18 1 17
18 63 36
18 27 11
18 83 11
18 67 11
19 39 39
19 12 46
19 68 26
19 90 43
19 64 48
19 3 18
19 100 24
19 27 4
19 49 2
19 71 37
19 59 18
19 57 6
19 32 13
19 20 26
19 96 45
19 92 4
19 89 16
19 51 20
19 73 42
19 84 34
19 76 43
19 70 1
19 55 29
19 86 8
19 34 44
19 91 4
19 23 22
19 42 9
19 48 3
19 80 3
19 69 23
19 36 9
19 62 43
19 95 50
19 79 43
19 58 42
19 46 31
19 14 15
19 11 12
19 74 5
19 63 4
19 30 3
19 75 50
19 31 45
19 45 50
19 66 14
19 53 24
19 99 49
19 4 3
19 54 44
20 23 39
20 64 35
20 51 23
20 41 12
20 93 2
20 81 28
20 17 27
20 79 21
20 16 49
20 99 30
20 36 8
20 84 13
20 3 13
20 21 21
20 74 42
20 87 39
20 18 18
20 68 50
20 66 40
20 33 20
20 82 4
20 31 29
20 32 40
20 53 31
20 73 15
20 8 46
20 29 32
20 91 11
20 78 22
20 37 10
20 44 41
20 34 38
20 94 31
20 75 44
20 83 4
20 62 41
20 63 8
20 98 2
20 24 41
20 4 17
20 60 46
20 52 16
20 2 41
20 10 48
20 59 22
20 76 32
20 88 22
20 100 5
20 80 39
20 1 31
21 62 19
21 6 41
21 29 10
21 23 49
21 61 49
21 36 32
21 15 18
21 94 47
21 47 39
21 71 39
21 77 6
21 18 22
21 53 9
21 34 6
21 66 27
21 2 35
21 60 44
21 49 24
21 93 44
21 38 4
21 91 12
21 95 19
21 28 49
21 90 49
21 80 48
21 50 32
21 70 26
21 99 50
21 37 50
21 24 44
21 32 5
21 35 36
21 68 17
21 5 17
21 54 9
21 85 43
21 31 12
21 44 5
21 100 25
21 96 7
21 59 40
21 10 40
21 48 41
21 19 15
21 76 27
21 4 17
21 13 41
21 42 37
21 52 10
21 88 34
22 86 41
22 51 37
22 56 32
22 29 3
22 78 13
22 25 16
22 73 33
22 47 40
22 79 34
22 26 16
22 61 46
22 21 28
22 74 35
22 52 26
22 37 35
22 2 38
22 11 25
22 91 7
22 72 31
22 36 46
22 83 26
22 19 24
22 13 38
22 99 6
22 63 18
22 93 40
22 48 47
22 4 32
22 16 40
22 59 30
22 46 45
22 100 46
22 76 13
22 81 39
22 98 43
22 9 4
22 35 2
22 70 37
22 40 39
22 27 14
22 82 1
22 62 13
22 3 49
22 96 35
22 17 38
22 8 44
22 85 45
22 60 22
22 44 19
22 20 8
23 42 42
23 65 24
23 16 23
23 30 42
23 37 8
23 60 1
23 53 44
23 49 28
23 99 25
23 25 25
23 34 36
23 39 21
23 63 30
23 85 10
23 79 24
23 86 1
23 94 6
23 13 16
23 68 8
23 78 35
23 5 41
23 35 42
23 22 36
23 91 43
23 87 19
23 98 27
23 55 20
23 9 28
23 69 17
23 3 39
23 1 20
23 19 41
23 40 7
23 33 29
23 15 38
23 75 21
23 28 5
23 89 42
23 43 3
23 47 7
23 10 34
23 62 34
23 61 12
23 21 44
23 88 14
23 64 42
23 57 12
23 12 10
23 52 39
23 71 25
24 8 8
24 85 2
24 2 40
24 59 42
24 91 14
24 13 6
24 61 44
24 73 3
24 77 44
24 74 17
24 52 26
24 29 33
24 62 20
24 4 30
24 93 2
24 54 43
24 71 20
24 95 6
24 41 34
24 63 10
24 39 11
24 72 22
24 55 48
24 15 24
24 30 40
24 67 38
24 57 33
24 40 17
24 23 34
24 6 42
24 60 37
24 88 30
24 43 18
24 46 7
24 89 3
24 34 11
24 20 32
24 68 27
24 99 15
24 21 4
24 70 17
24 64 11
24 48 44
24 31 18
24 44 27
24 27 18
24 35 21
24 65 5
24 94 15
24 76 1
25 13 1
25 52 27
25 80 44
25 78 40
25 62 36
25 73 35
25 45 12
25 64 5
25 47 39
25 9 8
25 31 24
25 65 25
25 38 32
25 19 12
25 93 42
25 33 24
25 92 12
25 99 20
25 1 30
25 18 18
25 15 46
25 42 37
25 68 29
25 54 10
25 74 32
25 4 20
25 17 34
25 86 3
25 58 32
25 11 17
25 88 22
25 46 15
25 39 22
25 48 16
25 12 8
25 6 4
25 72 31
25 41 31
25 76 21
25 91 28
25 87 5
25 90 32
25 89 11
25 20 10
25 28 10
25 97 4
25 59 31
25 94 7
25 50 5
25 61 45
26 55 34
26 47 30
26 72 29
26 60 42
26 22 39
26 67 34
26 86 21
26 30 12
26 61 9
26 83 13
26 7 29
26 80 48
26 88 39
26 70 34
26 41 46
26 34 10
26 58 18
26 35 4
26 36 9
26 94 44
26 52 41
26 95 38
26 75 13
26 98 2
26 96 18
26 93 43
26 38 31
26 14 47
26 11 40
26 29 10
26 87 45
26 21 44
26 63 15
26 28 8
26 6 14
26 12 14
26 65 4
26 82 47
26 10 49
26 69 25
26 78 18
26 43 1
26 1 9
26 77 5
26 31 32
26 24 23
26 81 4
26 44 1
26 56 22
26 71 3
27 76 32
27 41 35
27 87 35
27 49 40
27 66 47
27 13 13
27 53 32
27 88 15
27 58 49
27 57 21
27 51 33
27 2 44
27 100 33
27 45 32
27 5 1
27 67 39
27 24 44
27 42 31
27 96 19
27 60 14
27 29 30
27 89 5
27 14 30
27 70 17
27 80 28
27 38 3
27 16 43
27 73 49
27 54 49
27 98 9
27 9 12
27 94 16
27 82 3
27 11 29
27 6 16
27 85 29
27 46 41
27 34 36
27 1 19
27 95 34
27 86 49
27 33 7
27 83 2
27 7 36
27 61 22
27 28 38
27 44 19
27 72 4
27 43 12
27 35 13
28 94 31
28 62 35
28 59 27
28 7 42
28 44 39
28 20 35
28 25 44
28 36 25
28 95 33
28 68 28
28 6 47
28 87 40
28 41 38
28 51 10
28 79 7
28 78 4
28 43 1
28 12 26
28 96 17
28 16 5
28 69 42
28 99 26
28 14 24
28 13 19
28 58 47
28 40 37
28 47 44
28 23 12
28 81 6
28 48 21
28 91 24
28 55 47
28 73 1
28 42 42
28 26 14
28 30 46
28 4 45
28 88 41
28 80 42
28 35 11
28 1 8
28 22 43
28 18 18
28 29 29
28 49 1
28 93 45
28 24 4
28 37 48
28 27 12
28 5 39
29 72 37
29 6 50
29 57 29
29 68 2
29 20 42
29 67 18
29 47 44
29 88 22
29 13 18
29 100 45
29 98 2
29 43 5
29 69 19
29 42 47
29 63 21
29 45 19
29 26 20
29 85 25
29 60 50
29 15 46
29 4 33
29 52 38
29 64 2
29 91 18
29 84 19
29 53 37
29 70 49
29 38 48
29 25 19
29 28 49
29 94 33
29 78 15
29 5 35
29 44 46
29 12 44
29 93 49
29 75 50
29 74 20
29 19 16
29 34 39
29 9 50
29 89 46
29 32 21
29 7 22
29 22 9
29 58 48
29 83 39
29 23 24
29 90 7
29 46 2
30 24 19
30 51 48
30 37 42
30 7 11
30 14 2
30 81 45
30 44 42
30 46 29
30 50 6
30 15 36
30 28 25
30 5 7
30 18 28
30 56 3
30 87 19
30 99 30
30 12 40
30 59 41
30 76 11
30 33 40
30 97 1
30 13 23
30 73 37
30 78 4
30 77 21
30 86 3
30 52 48
30 2 36
30 94 23
30 17 17
30 29 12
30 26 39
30 40 45
30 57 27
30 3 9
30 89 22
30 9 28
30 80 48
30 63 27
30 20 28
30 92 48
30 32 7
30 85 5
30 70 10
30 22 46
30 66 17
30 61 48
30 36 41
30 6 37
30 31 38
31 56 33
31 54 1
31 55 40
31 89 16
31 9 11
31 41 50
31 98 8
31 5 38
31 86 50
31 93 14
31 13 33
31 84 2
31 30 38
31 34 1
31 65 34
31 58 19
31 11 19
31 42 33
31 38 35
31 100 2
31 70 34
31 57 43
31 88 13
31 21 36
31 64 16
31 78 25
31 35 4
31 79 37
31 25 35
31 76 50
31 85 25
31 23 6
31 14 13
31 74 35
31 61 23
31 51 38
31 18 7
31 32 48
31 6 37
31 91 49
31 48 35
31 26 47
31 29 39
31 43 29
31 96 43
31 7 18
31 94 6
31 47 10
31 66 40
31 10 43
32 100 26
32 37 12
32 48 19
32 14 28
32 13 47
32 10 42
32 31 41
32 35 16
32 87 24
32 67 45
32 38 17
32 94 50
32 72 45
32 78 36
32 1 41
32 86 26
32 19 19
32 7 30
32 9 42
32 26 37
32 81 17
32 71 35
32 29 37
32 5 1
32 24 15
32 12 41
32 51 5
32 84 17
32 42 21
32 46 7
32 89 7
32 8 17
32 58 29
32 75 6
32 92 41
32 33 9
32 97 18
32 91 18
32 47 13
32 3 40
32 27 46
32 15 1
32 80 27
32 23 30
32 2 13
32 77 15
32 39 13
32 45 12
32 44 7
32 62 48
33 40 9
33 91 3
33 80 19
33 20 8
33 85 48
33 78 26
33 14 10
33 72 43
33 37 22
33 2 35
33 30 9
33 70 48
33 5 49
33 3 6
33 39 33
33 66 17
33 82 30
33 24 28
33 83 41
33 17 39
33 90 14
33 60 2
33 84 15
33 13 35
33 75 34
33 15 50
33 96 23
33 42 17
33 53 16
33 92 39
33 11 18
33 56 38
33 25 23
33 49 5
33 35 19
33 73 19
33 77 38
33 34 42
33 46 19
33 16 25
33 47 7
33 67 32
33 45 41
33 97 27
33 28 6
33 19 42
33 1 18
33 44 25
33 65 6
33 58 3
34 67 26
34 47 33
34 90 47
34 46 4
34 53 2
34 27 4
34 85 50
34 51 6
34 26 21
34 37 46
34 94 24
34 33 7
34 97 11
34 77 43
34 91 46
34 16 37
34 62 11
34 30 35
34 83 7
34 18 33
34 17 39
34 2 11
34 22 44
34 39 5
34 96 31
34 68 21
34 84 16
34 40 34
34 54 30
34 14 1
34 52 19
34 64 14
34 8 5
34 12 30
34 65 17
34 32 43
34 99 23
34 56 38
34 58 9
34 63 11
34 66 31
34 41 48
34 43 15
34 95 35
34 71 16
34 1 7
34 7 3
34 76 5
34 49 20
34 80 39
35 22 43
35 98 48
35 10 3
35 72 9
35 23 10
35 100 50
35 21 21
35 37 35
35 13 16
35 54 36
35 42 50
35 68 9
35 45 20
35 82 30
35 9 8
35 60 7
35 50 26
35 27 25
35 8 25
35 85 29
35 47 46
35 15 50
35 69 39
35 94 5
35 6 48
35 18 6
35 44 34
35 80 37
35 56 34
35 55 31
35 53 5
35 89 21
35 73 27
35 2 16
35 87 32
35 81 26
35 61 15
35 39 8
35 91 39
35 48 43
35 19 21
35 32 12
35 20 32
35 34 23
35 64 3
35 3 29
35 99 48
35 46 7
35 95 28
35 84 48
36 41 36
36 65 24
36 38 4
36 69 31
36 56 17
36 59 13
36 57 19
36 2 43
36 77 7
36 3 35
36 24 21
36 13 1
36 76 12
36 51 46
36 89 21
36 84 49
36 93 49
36 85 46
36 88 13
36 44 9
36 60 22
36 17 23
36 33 42
36 16 27
36 99 40
36 6 48
36 47 20
36 18 38
36 21 31
36 43 36
36 90 24
36 81 24
36 78 37
36 82 36
36 23 46
36 80 36
36 14 36
36 87 47
36 49 36
36 53 22
36 61 33
36 37 39
36 20 37
36 66 29
36 97 37
36 12 27
36 48 22
36 46 3
36 40 23
36 58 21
37 21 5
37 60 31
37 99 42
37 61 11
37 92 18
37 34 26
37 100 26
37 91 27
37 57 23
37 4 37
37 68 16
37 43 46
37 67 7
37 87 38
37 27 15
37 86 16
37 9 41
37 15 5
37 13 3
37 39 7
37 26 31
37 50 30
37 80 14
37 18 22
37 46 42
37 70 40
37 66 13
37 74 32
37 71 48
37 54 9
37 16 30
37 90 14
37 72 42
37 32 23
37 89 21
37 69 50
37 56 1
37 45 37
37 79 7
37 28 14
37 24 22
37 62 24
37 35 3
37 88 18
37 64 4
37 96 46
37 14 7
37 6 47
37 53 30
37 20 27
38 94 36
38 66 22
38 45 8
38 72 38
38 100 20
38 97 16
38 53 43
38 54 8
38 91 10
38 58 37
38 10 16
38 87 20
38 60 14
38 36 29
38 2 19
38 70 7
38 32 29
38 75 46
38 44 25
38 17 25
38 12 36
38 23 22
38 96 25
38 39 34
38 59 46
38 84 32
38 4 33
38 1 41
38 81 9
38 6 3
38 19 8
38 62 21
38 29 7
38 14 33
38 93 33
38 68 21
38 88 45
38 65 15
38 15 47
38 26 6
38 64 18
38 20 31
38 49 21
38 80 42
38 67 38
38 9 27
38 21 36
38 57 48
38 35 11
38 52 9
39 79 45
39 90 25
39 77 45
39 91 40
39 73 20
39 2 3
39 45 24
39 40 10
39 28 38
39 87 17
39 70 24
39 100 15
39 16 45
39 37 20
39 59 3
39 47 38
39 89 17
39 83 25
39 34 16
39 57 7
39 63 17
39 25 30
39 43 35
39 50 47
39 27 33
39 3 26
39 17 16
39 53 10
39 56 18
39 55 44
39 23 22
39 14 18
39 94 24
39 61 26
39 75 36
39 9 46
39 21 42
39 30 23
39 78 44
39 38 17
39 4 41
39 13 40
39 54 30
39 35 39
39 64 35
39 49 4
39 8 19
39 96 30
39 62 45
39 60 12
40 8 27
40 73 46
40 93 23
40 29 47
40 12 36
40 36 30
40 17 33
40 57 9
40 50 21
40 97 25
40 21 27
40 7 34
40 46 25
40 92 39
40 39 15
40 5 28
40 54 43
40 24 3
40 26 12
40 43 25
40 91 47
40 56 5
40 42 10
40 82 30
40 3 34
40 33 13
40 100 12
40 48 6
40 70 10
40 81 22
40 79 41
40 49 45
40 11 49
40 16 15
40 27 23
40 80 44
40 83 6
40 37 34
40 6 38
40 66 15
40 19 50
40 9 47
40 60 20
40 45 13
40 68 9
40 44 12
40 4 41
40 87 27
40 1 19
40 67 31
41 66 3
41 1 18
41 74 37
41 69 48
41 80 25
41 29 11
41 59 26
41 68 13
41 35 3
41 70 13
41 71 12
41 36 41
41 12 15
41 51 11
41 46 18
41 55 38
41 18 16
41 43 39
41 16 30
41 38 39
41 87 31
41 10 41
41 22 20
41 82 27
41 21 12
41 94 35
41 58 50
41 37 30
41 6 16
41 50 45
41 93 21
41 20 18
41 14 4
41 78 11
41 54 42
41 63 27
41 73 35
41 17 1
41 53 48
41 62 45
41 60 17
41 86 40
41 19 8
41 33 50
41 99 43
41 83 30
41 84 50
41 72 43
41 81 28
41 7 46
42 87 4
42 53 19
42 36 36
42 29 29
42 61 2
42 50 15
42 86 27
42 58 38
42 39 44
42 97 34
42 94 19
42 74 36
42 10 47
42 82 12
42 40 35
42 24 50
42 32 50
42 43 7
42 51 38
42 41 20
42 89 18
42 84 1
42 59 7
42 64 21
42 67 9
42 30 49
42 57 21
42 76 47
42 20 47
42 91 26
42 70 20
42 98 46
42 55 9
42 95 42
42 38 1
42 33 26
42 37 39
42 81 36
42 14 35
42 54 28
42 27 21
42 71 50
42 49 28
42 100 36
42 52 32
42 18 34
42 72 27
42 45 43
42 68 1
42 17 35
43 100 8
43 41 32
43 24 42
43 32 50
43 40 50
43 76 50
43 64 46
43 27 2
43 25 34
43 90 36
43 96 46
43 71 34
43 18 43
43 53 25
43 74 41
43 56 19
43 44 31
43 57 16
43 15 31
43 59 9
43 9 12
43 68 18
43 29 41
43 81 21
43 91 13
43 1 15
43 85 33
43 12 7
43 69 45
43 37 17
43 93 39
43 39 16
43 13 48
43 47 10
43 72 7
43 11 8
43 67 1
43 46 26
43 49 25
43 75 44
43 30 37
43 17 9
43 35 2
43 62 6
43 16 25
43 83 40
43 38 27
43 65 38
43 26 30
43 52 39
44 95 45
44 7 26
44 72 41
44 85 20
44 80 46
44 59 8
44 46 25
44 39 7
44 21 33
44 67 23
44 58 4
44 56 40
44 26 30
44 29 40
44 28 45
44 91 49
44 55 18
44 93 31
44 19 49
44 57 41
44 83 44
44 40 2
44 94 28
44 70 44
44 34 32
44 36 27
44 43 31
44 17 12
44 18 8
44 22 33
44 92 21
44 16 46
44 64 22
44 13 32
44 68 22
44 53 23
44 31 30
44 25 50
44 54 2
44 42 15
44 84 21
44 45 39
44 78 14
44 3 9
44 50 9
44 76 41
44 24 46
44 2 6
44 88 42
44 27 31
45 10 21
45 36 44
45 32 25
45 3 1
45 72 26
45 31 45
45 23 37
45 91 16
45 53 5
45 83 34
45 89 6
45 61 46
45 24 43
45 60 38
45 44 48
45 85 40
45 69 39
45 99 31
45 80 8
45 14 11
45 48 47
45 43 49
45 37 4
45 50 39
45 26 2
45 40 47
45 63 26
45 25 29
45 86 4
45 82 28
45 51 49
45 71 45
45 17 30
45 27 39
45 16 23
45 22 18
45 29 16
45 30 10
45 90 37
45 20 36
45 41 17
45 33 36
45 4 12
45 97 42
45 73 12
45 66 46
45 21 11
45 5 15
45 100 11
45 70 3
46 36 22
46 45 31
46 83 12
46 96 2
46 67 34
46 11 9
46 73 46
46 7 15
46 53 35
46 6 13
46 22 42
46 76 41
46 26 12
46 68 33
46 84 38
46 94 1
46 80 19
46 75 35
46 30 36
46 61 6
46 12 43
46 25 1
46 17 11
46 2 10
46 10 24
46 1 26
46 57 41
46 49 6
46 8 50
46 92 11
46 37 20
46 71 30
46 20 10
46 32 25
46 70 39
46 65 14
46 35 21
46 52 48
46 66 41
46 56 29
46 62 33
46 28 11
46 40 17
46 38 49
46 5 49
46 34 26
46 42 15
46 48 13
46 55 27
46 59 22
47 85 39
47 67 17
47 57 31
47 30 38
47 90 44
47 5 2
47 21 38
47 37 3
47 83 29
47 73 44
47 59 30
47 84 38
47 24 48
47 97 45
47 2 4
47 4 23
47 33 4
47 25 34
47 58 16
47 81 18
47 91 19
47 27 29
47 80 45
47 50 34
47 11 41
47 28 11
47 94 38
47 64 12
47 66 50
47 52 19
47 82 9
47 39 29
47 65 8
47 22 23
47 68 11
47 99 44
47 35 42
47 20 3
47 63 12
47 12 44
47 6 32
47 61 49
47 72 43
47 95 35
47 36 1
47 56 6
47 51 39
47 40 11
47 18 33
47 49 11
48 96 20
48 49 40
48 72 2
48 24 38
48 50 1
48 8 35
48 85 28
48 13 42
48 5 47
48 63 38
48 52 2
48 33 16
48 39 46
48 29 45
48 27 29
48 46 29
48 6 50
48 58 13
48 2 50
48 28 43
48 54 46
48 43 18
48 77 6
48 4 16
48 74 16
48 38 20
48 32 21
48 69 3
48 79 7
48 82 46
48 87 30
48 60 3
48 90 9
48 55 23
48 9 7
48 12 25
48 20 8
48 100 39
48 62 46
48 36 43
48 68 4
48 15 30
48 94 28
48 75 37
48 88 8
48 92 33
48 30 28
48 53 47
48 47 34
48 98 5
49 33 3
49 46 27
49 25 32
49 96 24
49 44 3
49 70 33
49 90 38
49 100 36
49 80 5
49 53 50
49 51 33
49 94 22
49 50 41
49 5 28
49 6 20
49 29 29
49 23 19
49 86 25
49 85 2
49 38 16
49 82 25
49 60 1
49 47 11
49 28 34
49 22 12
49 19 47
49 64 12
49 59 45
49 72 46
49 3 47
49 21 5
49 54 11
49 87 20
49 36 17
49 14 36
49 93 19
49 66 21
49 37 26
49 45 13
49 83 16
49 27 2
49 74 7
49 81 44
49 91 42
49 15 24
49 58 1
49 63 3
49 69 25
49 39 13
49 73 43
50 1 44
50 20 32
50 71 42
50 46 35
50 15 36
50 80 50
50 83 37
50 51 44
50 86 17
50 9 39
50 100 26
50 97 20
50 32 15
50 3 21
50 38 49
50 78 49
50 52 39
50 64 4
50 6 42
50 68 13
50 56 32
50 96 19
50 73 45
50 39 22
50 24 44
50 66 19
50 36 38
50 93 5
50 25 32
50 67 30
50 23 7
50 19 26
50 11 12
50 33 29
50 27 49
50 79 28
50 76 45
50 26 40
50 22 41
50 41 17
50 82 49
50 48 2
50 8 2
50 58 28
50 10 4
50 77 41
50 75 5
50 70 7
50 49 31
50 74 9
51 17 35
51 74 32
51 5 34
51 92 23
51 11 38
51 65 19
51 95 30
51 24 10
51 58 42
51 86 28
51 73 29
51 36 50
51 18 10
51 44 18
51 66 41
51 70 39
51 77 13
51 94 10
51 21 48
51 63 29
51 1 10
51 43 41
51 90 45
51 87 47
51 72 44
51 67 25
51 46 39
51 50 28
51 55 5
51 82 47
51 15 1
51 33 24
51 13 33
51 84 40
51 69 40
51 10 38
51 96 46
51 40 36
51 49 30
51 8 31
51 2 41
51 19 13
51 78 24
51 3 40
51 7 27
51 25 3
51 38 36
51 100 17
51 91 18
51 22 26
52 21 43
52 66 48
52 59 35
52 32 30
52 83 6
52 63 40
52 24 21
52 43 33
52 97 31
52 70 23
52 16 2
52 37 6
52 75 28
52 55 30
52 38 2
52 77 5
52 74 12
52 98 46
52 26 36
52 30 11
52 19 24
52 80 10
52 25 25
52 76 16
52 44 47
52 33 19
52 85 12
52 73 37
52 67 40
52 5 34
52 95 27
52 99 5
52 34 19
52 18 15
52 17 15
52 49 11
52 42 42
52 90 21
52 56 49
52 82 22
52 29 24
52 10 31
52 39 42
52 40 4
52 68 5
52 78 41
52 57 24
52 89 40
52 86 42
52 61 48
53 82 33
53 7 40
53 85 4
53 61 13
53 33 43
53 44 14
53 24 12
53 41 43
53 71 20
53 50 13
53 77 46
53 87 7
53 4 15
53 99 9
53 79 39
53 6 12
53 94 18
53 28 15
53 91 17
53 2 40
53 45 37
53 13 25
53 34 41
53 84 36
53 29 34
53 38 35
53 78 22
53 23 14
53 60 41
53 69 33
53 49 17
53 59 22
53 35 21
53 56 8
53 100 31
53 76 4
53 40 45
53 89 15
53 74 49
53 81 38
53 65 14
53 14 3
53 67 5
53 17 50
53 27 38
53 15 6
53 47 33
53 36 44
53 37 47
53 39 7
54 4 15
54 100 42
54 26 25
54 25 45
54 64 50
54 77 48
54 35 48
54 27 44
54 45 43
54 62 20
54 76 40
54 97 32
54 72 19
54 14 17
54 31 7
54 10 41
54 60 35
54 47 10
54 7 42
54 94 47
54 84 1
54 58 36
54 13 18
54 70 16
54 74 42
54 17 50
54 16 19
54 44 39
54 98 12
54 92 25
54 8 21
54 22 28
54 59 37
54 20 42
54 12 13
54 36 14
54 15 37
54 33 39
54 40 6
54 71 41
54 69 42
54 29 36
54 38 21
54 55 4
54 95 13
54 66 5
54 1 3
54 30 45
54 49 30
54 52 50
55 4 43
55 81 17
55 91 49
55 59 31
55 54 2
55 63 45
55 50 36
55 56 23
55 90 9
55 53 30
55 41 11
55 47 28
55 45 23
55 37 24
55 34 7
55 52 42
55 35 32
55 23 30
55 3 27
55 70 39
55 30 36
55 11 28
55 75 11
55 100 43
55 94 16
55 29 23
55 85 27
55 99 24
55 2 38
55 89 48
55 76 1
55 79 6
55 31 7
55 32 40
55 66 22
55 28 15
55 14 40
55 64 21
55 22 15
55 17 5
55 87 26
55 25 19
55 21 10
55 83 42
55 1 17
55 51 17
55 27 37
55 38 2
55 68 3
55 82 44
56 11 9
56 90 9
56 85 22
56 7 37
56 88 22
56 91 23
56 19 24
56 54 32
56 63 47
56 14 2
56 16 5
56 86 34
56 65 5
56 38 4
56 34 23
56 22 45
56 71 8
56 89 30
56 98 41
56 24 2
56 44 27
56 32 1
56 49 14
56 12 44
56 33 2
56 15 50
56 17 13
56 35 50
56 53 13
56 42 10
56 51 31
56 70 36
56 66 12
56 18 12
56 64 22
56 46 44
56 94 15
56 43 45
56 37 3
56 26 10
56 8 7
56 30 2
56 96 29
56 60 21
56 45 29
56 59 35
56 39 34
56 36 31
56 83 16
56 81 22
57 26 3
57 5 47
57 13 5
57 46 26
57 45 50
57 95 30
57 33 10
57 17 30
57 62 34
57 31 47
57 84 24
57 40 31
57 36 38
57 71 40
57 30 11
57 22 48
57 90 14
57 6 16
57 14 35
57 100 38
57 16 15
57 59 12
57 47 44
57 38 32
57 56 2
57 52 41
57 53 46
57 21 12
57 61 18
57 74 35
57 34 42
57 2 29
57 88 30
57 1 16
57 10 23
57 24 15
57 51 11
57 92 29
57 44 12
57 19 49
57 96 10
57 73 19
57 4 15
57 50 1
57 43 45
57 60 19
57 86 2
57 69 48
57 7 38
57 65 34
58 52 41
58 26 25
58 47 1
58 39 32
58 22 18
58 25 35
58 16 45
58 53 20
58 71 18
58 20 25
58 88 31
58 46 17
58 45 50
58 63 36
58 3 42
58 5 24
58 34 3
58 12 30
58 60 34
58 66 46
58 51 27
58 92 48
58 14 22
58 87 13
58 91 35
58 7 19
58 23 20
58 67 19
58 4 30
58 99 18
58 31 21
58 35 22
58 36 38
58 94 28
58 49 25
58 93 19
58 1 45
58 32 37
58 96 9
58 54 48
58 8 22
58 62 42
58 24 16
58 57 31
58 29 36
58 13 33
58 77 8
58 90 43
58 100 27
58 43 32
59 61 1
59 39 31
59 21 46
59 30 19
59 42 13
59 35 34
59 71 33
59 1 11
59 65 42
59 100 37
59 66 34
59 28 5
59 29 20
59 85 11
59 69 18
59 98 26
59 7 11
59 64 49
59 91 20
59 45 50
59 44 6
59 38 9
59 12 15
59 48 44
59 88 31
59 86 15
59 77 16
59 19 35
59 49 48
59 56 33
59 82 38
59 97 10
59 25 50
59 54 2
59 5 30
59 16 16
59 51 33
59 84 20
59 40 29
59 4 7
59 50 6
59 79 38
59 99 24
59 3 42
59 67 28
59 31 16
59 83 33
59 32 36
59 13 7
59 14 27
60 98 15
60 16 44
60 8 38
60 19 39
60 25 21
60 84 46
60 29 10
60 22 38
60 61 50
60 24 34
60 6 48
60 14 37
60 85 10
60 35 1
60 71 40
60 58 19
60 57 36
60 93 23
60 34 36
60 28 50
60 62 41
60 36 1
60 80 24
60 7 36
60 46 10
60 37 32
60 40 50
60 2 8
60 96 20
60 56 11
60 53 1
60 4 39
60 99 26
60 70 5
60 91 44
60 20 26
60 50 41
60 47 49
60 68 47
60 10 31
60 82 8
60 39 26
60 100 21
60 15 11
60 33 16
60 21 38
60 65 10
60 45 1
60 42 2
60 11 47
61 25 34
61 99 41
61 32 21
61 55 36
61 4 46
61 10 15
61 33 18
61 31 19
61 14 41
61 62 33
61 36 18
61 46 22
61 19 6
61 34 22
61 47 21
61 89 45
61 9 28
61 78 26
61 6 1
61 43 5
61 91 25
61 80 16
61 72 23
61 45 18
61 11 23
61 53 25
61 98 21
61 42 18
61 18 19
61 66 22
61 56 28
61 15 34
61 38 33
61 50 13
61 83 36
61 93 36
61 35 21
61 29 39
61 26 23
61 65 24
61 23 37
61 39 32
61 27 13
61 64 29
61 20 2
61 16 27
61 69 22
61 88 32
61 40 40
61 75 32
62 43 19
62 1 1
62 35 7
62 81 41
62 24 50
62 69 36
62 56 45
62 45 9
62 20 19
62 50 48
62 100 49
62 85 20
62 33 41
62 89 21
62 98 34
62 41 23
62 46 41
62 28 1
62 83 48
62 51 31
62 97 5
62 32 6
62 52 33
62 40 18
62 71 27
62 44 7
62 74 17
62 58 37
62 67 34
62 73 15
62 99 22
62 38 12
62 10 21
62 87 28
62 42 4
62 29 42
62 82 24
62 11 22
62 79 44
62 91 4
62 48 14
62 23 46
62 75 39
62 78 20
62 84 17
62 6 45
62 47 25
62 90 49
62 61 42
62 66 6
63 7 39
63 97 19
63 45 27
63 16 44
63 24 20
63 25 19
63 70 23
63 71 12
63 26 30
63 95 38
63 96 31
63 50 1
63 2 45
63 62 4
63 93 10
63 49 7
63 14 20
63 40 6
63 52 11
63 78 27
63 23 3
63 13 24
63 15 22
63 9 21
63 82 7
63 99 50
63 46 48
63 67 44
63 32 5
63 51 50
63 76 46
63 85 34
63 1 50
63 68 48
63 10 42
63 100 49
63 75 38
63 60 13
63 30 10
63 69 28
63 43 24
63 18 12
63 34 25
63 89 35
63 5 45
63 22 11
63 12 23
63 31 26
63 21 49
63 28 31
64 6 33
64 26 15
64 13 5
64 93 10
64 39 6
64 67 17
64 72 31
64 65 42
64 27 37
64 36 34
64 52 25
64 77 43
64 60 2
64 97 28
64 8 38
64 28 21
64 38 11
64 84 4
64 42 36
64 22 28
64 79 31
64 35 12
64 30 4
64 31 9
64 49 33
64 71 17
64 19 16
64 85 10
64 75 42
64 86 9
64 61 49
64 2 22
64 73 10
64 32 38
64 3 28
64 47 39
64 53 48
64 90 46
64 99 2
64 74 8
64 20 24
64 16 19
64 11 10
64 40 34
64 62 18
64 4 17
64 94 33
64 58 31
64 55 29
64 69 22
65 74 49
65 58 9
65 20 46
65 2 40
65 17 7
65 40 26
65 26 33
65 79 22
65 63 38
65 9 39
65 31 6
65 91 50
65 70 8
65 54 14
65 57 36
65 84 49
65 94 50
65 7 17
65 36 20
65 72 15
65 100 9
65 48 15
65 15 13
65 8 23
65 28 43
65 21 50
65 99 22
65 87 43
65 53 18
65 25 39
65 90 39
65 97 19
65 47 9
65 38 46
65 69 48
65 22 38
65 44 8
65 71 50
65 13 21
65 32 27
65 92 26
65 46 50
65 75 7
65 78 23
65 37 9
65 10 33
65 59 39
65 45 5
65 50 20
65 62 6
66 67 28
66 14 13
66 81 19
66 29 40
66 42 24
66 97 32
66 41 32
66 36 33
66 83 33
66 51 45
66 53 8
66 2 19
66 34 24
66 95 20
66 27 34
66 13 37
66 26 3
66 25 46
66 3 24
66 59 6
66 78 9
66 12 32
66 71 31
66 54 28
66 60 17
66 98 19
66 19 28
66 82 16
66 72 27
66 87 25
66 43 42
66 10 48
66 63 49
66 49 43
66 37 21
66 18 30
66 39 7
66 62 1
66 48 9
66 40 6
66 69 15
66 17 45
66 68 46
66 64 1
66 75 45
66 100 26
66 50 37
66 58 36
66 16 9
66 76 31
67 83 12
67 38 21
67 63 42
67 29 12
67 13 47
67 77 1
67 59 22
67 92 49
67 23 49
67 51 9
67 46 43
67 39 11
67 74 28
67 94 46
67 5 14
67 33 26
67 96 22
67 49 19
67 85 21
67 20 38
67 35 32
67 95 3
67 12 15
67 43 20
67 48 31
67 4 42
67 7 12
67 98 38
67 3 16
67 64 18
67 18 50
67 52 44
67 55 38
67 75 42
67 9 19
67 78 24
67 53 12
67 31 40
67 2 16
67 88 29
67 30 22
67 28 39
67 15 47
67 76 33
67 32 40
67 70 48
67 61 3
67 6 12
67 21 31
67 42 1
68 40 39
68 25 2
68 6 41
68 90 26
68 83 5
68 54 31
68 31 12
68 7 9
68 88 2
68 28 31
68 23 48
68 8 47
68 15 6
68 50 7
68 11 16
68 36 39
68 86 35
68 14 24
68 77 14
68 78 27
68 30 17
68 26 1
68 49 26
68 58 14
68 97 17
68 93 6
68 52 8
68 4 48
68 53 6
68 85 36
68 95 47
68 91 37
68 48 6
68 79 9
68 82 47
68 100 23
68 9 3
68 42 42
68 47 9
68 33 14
68 32 42
68 80 38
68 1 38
68 10 1
68 55 41
68 98 28
68 39 32
68 99 43
68 22 48
68 94 14
69 7 30
69 94 2
69 17 45
69 39 39
69 76 22
69 22 31
69 84 17
69 100 7
69 10 17
69 60 46
69 85 29
69 95 33
69 67 9
69 64 14
69 32 37
69 61 17
69 50 23
69 74 17
69 47 25
69 9 47
69 71 21
69 70 29
69 28 39
69 68 29
69 31 22
69 92 41
69 45 10
69 8 41
69 24 23
69 48 1
69 26 13
69 83 20
69 41 2
69 56 6
69 27 38
69 80 17
69 79 46
69 87 7
69 21 44
69 43 12
69 18 46
69 98 46
69 53 18
69 4 6
69 57 46
69 63 48
69 51 40
69 66 6
69 77 16
69 82 4
70 16 14
70 61 17
70 82 28
70 34 29
70 85 4
70 45 27
70 75 9
70 36 3
70 42 37
70 94 21
70 15 45
70 58 13
70 5 47
70 92 7
70 27 17
70 84 34
70 12 27
70 6 16
70 7 49
70 19 20
70 25 18
70 51 35
70 96 26
70 76 45
70 88 16
70 63 40
70 9 11
70 83 37
70 23 36
70 49 10
70 20 39
70 67 24
70 69 13
70 66 20
70 28 22
70 43 1
70 50 29
70 62 28
70 37 26
70 54 6
70 46 28
70 81 32
70 48 24
70 64 45
70 41 13
70 30 49
70 99 29
70 26 11
70 24 48
70 3 16
71 83 24
71 56 38
71 8 10
71 31 42
71 12 45
71 45 26
71 90 6
71 57 25
71 18 7
71 49 11
71 81 1
71 89 17
71 68 29
71 74 44
71 33 27
71 64 49
71 36 17
71 58 31
71 67 12
71 92 34
71 30 36
71 51 42
71 94 39
71 87 8
71 60 28
71 11 27
71 91 42
71 65 17
71 75 43
71 13 43
71 17 9
71 28 10
71 43 40
71 97 1
71 79 9
71 38 4
71 24 2
71 42 46
71 95 1
71 55 45
71 5 43
71 25 20
71 82 44
71 2 3
71 39 12
71 35 2
71 6 1
71 37 11
71 78 43
71 9 26
72 90 20
72 92 40
72 36 7
72 40 24
72 70 24
72 45 28
72 96 37
72 3 17
72 8 23
72 65 49
72 9 23
72 91 8
72 48 32
72 87 47
72 7 18
72 15 41
72 68 6
72 12 34
72 54 40
72 27 43
72 30 41
72 28 41
72 44 48
72 71 11
72 6 10
72 43 33
72 21 26
72 82 19
72 89 2
72 53 8
72 66 26
72 31 2
72 51 39
72 73 41
72 20 18
72 94 11
72 57 43
72 100 33
72 50 24
72 34 45
72 26 15
72 1 33
72 23 46
72 10 46
72 35 37
72 24 45
72 83 41
72 76 47
72 49 16
72 63 19
73 20 20
73 83 14
73 88 41
73 67 34
73 91 22
73 37 28
73 96 7
73 64 50
73 21 7
73 34 17
73 56 8
73 22 12
73 2 11
73 17 14
73 39 29
73 98 35
73 89 50
73 71 50
73 16 17
73 66 33
73 75 29
73 38 1
73 49 44
73 59 8
73 72 9
73 18 16
73 7 21
73 13 5
73 3 48
73 44 17
73 79 7
73 25 16
73 74 11
73 9 39
73 24 13
73 87 21
73 43 19
73 77 13
73 47 32
73 54 5
73 23 46
73 12 16
73 5 29
73 41 15
73 95 32
73 57 35
73 1 35
73 90 3
73 58 8
73 8 28
74 87 44
74 36 13
74 32 28
74 50 7
74 2 36
74 47 10
74 77 12
74 9 41
74 65 48
74 26 8
74 84 16
74 78 45
74 81 6
74 69 35
74 12 17
74 4 49
74 1 42
74 61 24
74 24 40
74 33 24
74 88 29
74 40 4
74 38 41
74 64 28
74 14 31
74 15 50
74 99 4
74 18 41
74 75 43
74 49 7
74 85 49
74 27 18
74 8 28
74 72 6
74 31 21
74 46 9
74 60 49
74 43 9
74 67 34
74 6 29
74 91 12
74 41 18
74 3 20
74 44 49
74 58 14
74 11 50
74 63 9
74 21 38
74 16 26
74 73 27
75 91 30
75 56 11
75 78 35
75 76 36
75 77 41
75 49 30
75 34 18
75 38 24
75 46 4
75 95 37
75 35 3
75 42 26
75 2 6
75 5 29
75 92 34
75 61 26
75 27 26
75 90 8
75 36 48
75 20 34
75 15 29
75 14 49
75 41 28
75 10 17
75 66 16
75 88 24
75 51 4
75 54 30
75 44 1
75 72 12
75 79 14
75 89 19
75 3 11
75 69 24
75 67 11
75 19 36
75 86 20
75 47 14
75 97 40
75 28 39
75 62 46
75 53 44
75 48 16
75 25 35
75 26 4
75 93 11
75 98 48
75 6 13
75 57 7
75 31 32
76 35 2
76 72 39
76 57 16
76 37 20
76 25 37
76 73 3
76 53 22
76 81 26
76 9 50
76 38 18
76 29 13
76 32 35
76 94 9
76 41 38
76 89 28
76 60 10
76 31 31
76 77 41
76 39 42
76 61 27
76 95 29
76 54 36
76 40 28
76 97 5
76 69 47
76 14 34
76 92 49
76 47 34
76 28 24
76 2 8
76 96 3
76 36 11
76 21 24
76 68 26
76 64 13
76 75 50
76 84 34
76 46 1
76 86 41
76 74 12
76 17 1
76 98 23
76 79 40
76 59 50
76 67 11
76 43 46
76 78 5
76 55 43
76 3 27
76 49 34
77 45 32
77 76 21
77 48 19
77 99 18
77 95 23
77 68 39
77 92 40
77 69 11
77 13 1
77 35 28
77 18 41
77 91 41
77 6 35
77 44 15
77 65 1
77 83 26
77 71 24
77 52 15
77 78 24
77 61 15
77 20 6
77 98 28
77 66 1
77 89 20
77 14 49
77 60 1
77 57 6
77 11 29
77 21 33
77 33 17
77 88 32
77 2 31
77 86 3
77 74 4
77 28 39
77 55 3
77 67 19
77 72 38
77 34 13
77 63 21
77 56 36
77 87 18
77 42 14
77 49 33
77 54 47
77 8 26
77 30 33
77 9 3
77 7 49
77 25 29
78 2 32
78 41 4
78 26 29
78 60 40
78 71 50
78 13 39
78 64 1
78 42 15
78 6 45
78 12 26
78 85 7
78 59 48
78 95 10
78 24 16
78 97 23
78 74 27
78 7 6
78 96 38
78 44 42
78 40 39
78 73 3
78 83 22
78 86 30
78 48 19
78 100 16
78 23 43
78 8 32
78 49 5
78 72 41
78 10 9
78 28 19
78 65 6
78 90 8
78 56 47
78 50 35
78 27 37
78 70 9
78 1 5
78 4 13
78 9 23
78 38 13
78 20 42
78 61 6
78 91 31
78 82 39
78 39 12
78 3 1
78 62 18
78 66 40
78 16 10
79 54 3
79 32 36
79 90 8
79 45 36
79 65 13
79 28 35
79 56 46
79 86 50
79 39 6
79 16 42
79 57 10
79 20 28
79 63 49
79 80 44
79 52 2
79 97 49
79 7 42
79 2 14
79 82 2
79 70 37
79 78 43
79 42 6
79 36 9
79 100 12
79 81 25
79 85 39
79 14 7
79 94 24
79 72 32
79 53 4
79 24 1
79 37 1
79 67 43
79 47 15
79 4 32
79 10 34
79 23 33
79 43 5
79 41 37
79 66 6
79 13 23
79 27 6
79 26 11
79 89 47
79 69 15
79 30 7
79 17 39
79 99 16
79 34 19
79 44 17
80 29 12
80 91 25
80 42 48
80 48 20
80 82 33
80 90 6
80 4 50
80 92 19
80 46 18
80 68 21
80 39 37
80 26 3
80 83 46
80 56 47
80 21 42
80 14 47
80 79 28
80 25 37
80 87 16
80 98 19
80 17 19
80 45 5
80 64 30
80 16 23
80 44 8
80 18 27
80 81 8
80 70 37
80 59 1
80 23 25
80 36 29
80 15 9
80 100 28
80 93 22
80 41 40
80 37 44
80 94 47
80 22 29
80 95 19
80 3 44
80 97 28
80 86 4
80 73 27
80 12 17
80 55 5
80 43 44
80 1 1
80 67 10
80 35 49
80 54 25
81 22 49
81 12 26
81 44 4
81 24 17
81 86 4
81 13 18
81 85 20
81 8 17
81 5 35
81 82 16
81 73 31
81 61 38
81 16 46
81 94 22
81 43 16
81 50 9
81 49 17
81 71 47
81 4 18
81 84 11
81 15 45
81 25 12
81 26 1
81 68 23
81 18 19
81 14 9
81 80 20
81 87 26
81 47 38
81 83 22
81 41 2
81 36 26
81 74 48
81 7 39
81 39 35
81 58 40
81 95 11
81 32 4
81 66 38
81 91 22
81 28 48
81 92 50
81 99 24
81 63 26
81 96 47
81 79 5
81 2 24
81 88 29
81 19 33
81 57 20
82 59 28
82 31 2
82 27 43
82 67 25
82 45 6
82 3 20
82 89 35
82 22 7
82 36 19
82 100 11
82 14 9
82 16 13
82 55 3
82 35 16
82 11 14
82 75 43
82 85 32
82 49 41
82 25 2
82 94 47
82 21 2
82 56 30
82 79 15
82 8 24
82 69 36
82 65 38
82 30 19
82 12 3
82 23 43
82 88 43
82 98 39
82 73 39
82 34 49
82 32 1
82 97 10
82 10 30
82 18 25
82 7 22
82 90 26
82 39 10
82 70 32
82 40 8
82 86 1
82 50 45
82 9 35
82 28 23
82 43 23
82 51 9
82 20 22
82 84 28
83 74 6
83 45 9
83 76 45
83 92 35
83 53 34
83 25 37
83 64 32
83 2 4
83 56 27
83 97 29
83 52 12
83 11 31
83 54 28
83 10 27
83 70 35
83 31 22
83 68 50
83 18 16
83 12 26
83 9 13
83 51 25
83 16 50
83 71 6
83 22 31
83 38 20
83 8 36
83 67 43
83 50 7
83 95 25
83 60 34
83 57 44
83 23 6
83 88 8
83 99 29
83 47 21
83 98 30
83 75 40
83 65 30
83 73 20
83 19 34
83 78 21
83 79 5
83 48 4
83 27 14
83 93 43
83 55 31
83 26 44
83 63 22
83 41 39
83 37 12
84 20 14
84 7 36
84 51 5
84 41 23
84 54 16
84 46 7
84 27 8
84 97 47
84 81 47
84 85 44
84 95 6
84 60 39
84 57 30
84 83 30
84 43 41
84 37 30
84 44 7
84 33 30
84 91 36
84 82 17
84 78 24
84 18 29
84 4 32
84 24 33
84 76 33
84 32 37
84 62 48
84 10 36
84 22 38
84 34 7
84 87 36
84 74 35
84 8 5
84 53 27
84 70 9
84 47 29
84 31 12
84 48 21
84 88 15
84 6 40
84 66 22
84 45 3
84 58 21
84 17 39
84 89 45
84 40 36
84 2 39
84 92 41
84 35 42
84 29 10
85 64 1
85 6 31
85 32 11
85 98 19
85 17 47
85 90 34
85 19 4
85 12 11
85 36 41
85 21 47
85 61 46
85 91 46
85 71 14
85 37 11
85 69 7
85 8 7
85 2 30
85 95 5
85 27 14
85 47 44
85 15 16
85 88 41
85 70 34
85 49 31
85 5 13
85 31 12
85 10 19
85 39 33
85 3 42
85 7 5
85 80 24
85 11 16
85 38 20
85 50 13
85 34 23
85 54 45
85 66 4
85 40 19
85 25 7
85 89 17
85 97 9
85 87 21
85 33 26
85 77 10
85 92 43
85 22 38
85 84 22
85 78 25
85 63 6
85 20 44
86 3 13
86 22 43
86 8 19
86 45 49
86 16 30
86 49 2
86 88 26
86 80 9
86 84 47
86 89 26
86 96 11
86 21 41
86 68 7
86 55 23
86 47 7
86 1 44
86 4 10
86 9 36
86 90 22
86 81 28
86 51 42
86 94 45
86 58 22
86 57 4
86 67 29
86 13 15
86 36 23
86 34 21
86 7 14
86 62 11
86 85 15
86 72 43
86 39 40
86 2 20
86 10 39
86 75 25
86 99 29
86 54 10
86 65 21
86 26 6
86 19 1
86 29 29
86 28 4
86 56 40
86 41 20
86 93 27
86 38 10
86 40 32
86 53 34
86 43 30
87 8 40
87 81 16
87 84 45
87 64 14
87 26 12
87 98 12
87 86 46
87 57 45
87 6 25
87 93 1
87 21 32
87 17 37
87 35 42
87 48 18
87 90 43
87 97 35
87 24 23
87 49 24
87 92 17
87 62 32
87 42 12
87 44 46
87 30 24
87 1 1
87 4 29
87 32 42
87 43 11
87 89 14
87 80 24
87 38 6
87 15 32
87 12 9
87 18 3
87 29 46
87 40 30
87 100 34
87 85 27
87 14 4
87 65 46
87 99 43
87 41 46
87 23 16
87 61 40
87 71 50
87 25 3
87 22 41
87 36 17
87 59 44
87 82 31
87 37 21
88 63 14
88 67 14
88 56 49
88 73 32
88 62 1
88 94 42
88 50 45
88 38 33
88 20 18
88 64 17
88 11 43
88 14 31
88 9 7
88 48 7
88 53 47
88 72 1
88 78 7
88 36 12
88 3 35
88 24 34
88 33 30
88 83 1
88 17 9
88 44 8
88 10 16
88 66 31
88 18 9
88 82 23
88 58 8
88 41 8
88 12 8
88 69 3
88 89 49
88 86 44
88 29 45
88 92 22
88 8 13
88 93 28
88 28 6
88 84 32
88 71 33
88 5 19
88 15 14
88 75 50
88 16 38
88 52 19
88 85 28
88 47 21
88 7 13
88 46 46
89 42 33
89 59 45
89 55 45
89 14 39
89 99 6
89 40 2
89 74 48
89 20 30
89 18 46
89 47 1
89 98 42
89 26 41
89 100 10
89 57 44
89 93 41
89 75 9
89 80 39
89 1 15
89 68 31
89 27 3
89 76 28
89 35 21
89 94 24
89 41 10
89 19 29
89 77 46
89 54 36
89 66 27
89 71 13
89 81 27
89 60 11
89 78 1
89 84 32
89 7 38
89 2 19
89 15 42
89 6 45
89 31 31
89 63 18
89 49 29
89 25 43
89 88 11
89 46 15
89 44 20
89 45 14
89 56 11
89 9 49
89 64 35
89 4 50
89 86 1
90 52 5
90 81 39
90 9 3
90 61 30
90 44 33
90 66 32
90 75 31
90 71 40
90 53 42
90 45 26
90 73 34
90 95 42
90 10 46
90 27 46
90 5 28
90 51 29
90 72 11
90 17 48
90 89 17
90 57 29
90 30 31
90 47 38
90 15 29
90 69 34
90 21 42
90 24 47
90 79 40
90 99 17
90 1 8
90 33 4
90 63 33
90 97 10
90 42 12
90 26 35
90 16 3
90 25 19
90 94 25
90 70 50
90 98 49
90 35 28
90 58 31
90 92 12
90 40 11
90 100 21
90 12 34
90 22 31
90 37 37
90 46 26
90 77 43
90 29 18
91 99 8
91 42 1
91 53 50
91 1 42
91 12 15
91 54 11
91 43 4
91 29 15
91 16 14
91 50 25
91 55 18
91 41 13
91 85 50
91 64 14
91 98 38
91 87 44
91 39 19
91 21 13
91 6 47
91 90 21
91 38 36
91 93 18
91 4 31
91 66 3
91 20 48
91 75 34
91 62 14
91 25 49
91 51 41
91 49 7
91 2 19
91 69 41
91 88 6
91 56 36
91 86 1
91 30 5
91 76 16
91 32 12
91 11 48
91 82 6
91 89 12
91 22 17
91 13 48
91 44 9
91 70 3
91 17 15
91 60 37
91 52 38
91 73 46
91 77 2
92 14 40
92 33 39
92 13 40
92 91 8
92 19 16
92 18 10
92 73 46
92 50 22
92 69 32
92 72 7
92 53 37
92 45 41
92 32 29
92 80 24
92 60 43
92 99 38
92 22 3
92 21 17
92 48 23
92 26 3
92 100 35
92 5 20
92 84 19
92 39 25
92 57 18
92 1 30
92 49 48
92 10 47
92 71 42
92 40 44
92 97 14
92 29 39
92 16 50
92 56 35
92 59 35
92 76 40
92 95 36
92 62 25
92 67 36
92 41 44
92 55 48
92 58 3
92 24 38
92 17 48
92 3 40
92 88 48
92 68 50
92 27 24
92 36 42
92 54 49
93 46 5
93 13 17
93 56 49
93 63 8
93 97 19
93 65 5
93 19 46
93 14 46
93 55 34
93 1 30
93 62 33
93 59 47
93 61 44
93 24 18
93 7 32
93 40 10
93 31 41
93 38 22
93 76 25
93 17 32
93 58 16
93 44 10
93 51 22
93 79 7
93 35 25
93 48 46
93 64 6
93 15 1
93 69 27
93 18 36
93 33 21
93 95 13
93 85 37
93 3 50
93 10 3
93 91 39
93 45 17
93 71 4
93 23 38
93 78 10
93 74 32
93 73 37
93 92 9
93 84 16
93 49 36
93 98 26
93 8 35
93 5 10
93 30 44
93 29 10
94 16 17
94 67 13
94 93 9
94 99 32
94 80 39
94 74 47
94 90 31
94 82 1
94 81 38
94 42 12
94 9 10
94 51 9
94 68 26
94 5 37
94 55 36
94 86 22
94 29 36
94 45 1
94 56 20
94 20 49
94 57 32
94 79 24
94 98 39
94 77 25
94 26 16
94 30 1
94 37 40
94 84 50
94 22 40
94 38 35
94 85 16
94 23 38
94 43 23
94 17 23
94 92 22
94 72 5
94 1 13
94 91 40
94 18 42
94 19 21
94 4 26
94 33 9
94 59 14
94 2 38
94 69 37
94 48 24
94 53 16
94 44 49
94 11 45
94 41 38
95 13 35
95 45 18
95 69 36
95 5 33
95 17 42
95 98 47
95 54 24
95 79 34
95 63 41
95 29 25
95 82 40
95 26 35
95 87 36
95 97 13
95 64 36
95 68 38
95 56 26
95 55 21
95 61 14
95 48 19
95 10 15
95 25 35
95 7 32
95 91 35
95 16 13
95 81 20
95 27 21
95 51 45
95 19 17
95 62 23
95 4 40
95 11 15
95 52 33
95 86 35
95 2 36
95 3 14
95 65 13
95 41 12
95 38 29
95 35 2
95 39 8
95 50 2
95 96 22
95 22 39
95 76 26
95 8 29
95 66 37
95 74 40
95 88 45
95 92 2
96 88 43
96 83 22
96 53 46
96 22 2
96 28 26
96 41 42
96 31 8
96 52 5
96 73 22
96 18 6
96 24 2
96 79 49
96 87 39
96 12 1
96 29 10
96 23 29
96 60 4
96 69 42
96 61 4
96 51 37
96 8 27
96 50 24
96 65 26
96 71 46
96 47 47
96 32 21
96 11 19
96 9 10
96 54 5
96 57 5
96 4 2
96 44 20
96 35 45
96 94 42
96 58 18
96 66 23
96 7 39
96 56 46
96 55 24
96 19 38
96 97 8
96 5 41
96 82 11
96 99 18
96 45 13
96 15 15
96 80 16
96 40 28
96 67 33
96 91 14
97 32 5
97 85 9
97 5 49
97 59 34
97 53 49
97 8 4
97 75 23
97 86 35
97 42 6
97 40 4
97 77 4
97 4 35
97 83 32
97 47 21
97 56 15
97 11 31
97 61 29
97 28 33
97 88 31
97 43 4
97 54 18
97 13 21
97 16 22
97 30 7
97 2 45
97 68 11
97 38 20
97 27 9
97 12 5
97 46 3
97 82 34
97 51 39
97 73 38
97 60 12
97 57 5
97 50 21
97 34 5
97 7 5
97 96 17
97 26 19
97 45 7
97 100 43
97 99 2
97 35 13
97 90 48
97 37 40
97 52 15
97 74 30
97 98 41
97 87 47
98 7 12
98 40 29
98 16 36
98 72 14
98 55 39
98 31 17
98 6 16
98 4 33
98 85 39
98 89 33
98 35 47
98 68 3
98 32 21
98 21 39
98 13 42
98 38 3
98 36 29
98 29 6
98 93 48
98 74 29
98 75 11
98 20 37
98 92 5
98 30 49
98 49 38
98 58 3
98 46 46
98 76 23
98 95 33
98 34 11
98 51 36
98 45 34
98 12 8
98 83 43
98 9 45
98 82 10
98 54 31
98 19 14
98 44 15
98 80 45
98 99 45
98 24 35
98 5 26
98 41 35
98 33 13
98 70 19
98 15 33
98 1 46
98 100 44
98 28 41
99 41 23
99 12 17
99 63 43
99 92 34
99 46 29
99 87 4
99 43 37
99 65 34
99 53 25
99 82 11
99 75 2
99 48 24
99 60 13
99 19 5
99 44 5
99 77 41
99 62 44
99 10 36
99 96 26
99 1 2
99 64 35
99 66 39
99 5 5
99 78 2
99 4 38
99 13 36
99 86 9
99 59 16
99 73 3
99 7 7
99 24 44
99 91 12
99 88 22
99 89 32
99 11 21
99 50 16
99 15 50
99 31 45
99 17 26
99 28 32
99 21 39
99 84 11
99 27 25
99 33 16
99 80 8
99 26 18
99 98 46
99 71 27
99 69 18
99 16 44
100 1 23
100 53 6
100 51 29
100 61 18
100 46 41
100 25 17
100 63 50
100 8 14
100 17 36
100 5 19
100 14 9
100 95 19
100 48 47
100 36 3
100 49 12
100 69 14
100 71 40
100 50 32
100 12 6
100 19 7
100 35 18
100 82 23
100 93 15
100 74 25
100 98 38
100 87 15
100 30 42
100 24 13
100 45 10
100 54 19
100 59 48
100 22 30
100 2 28
100 28 12
100 94 40
100 79 14
100 60 17
100 3 14
100 7 49
100 6 25
100 52 23
100 90 17
100 80 44
100 77 34
100 56 47
100 23 49
100 47 37
100 96 27
100 99 27
100 64 15
startend
1 100